La085Sr015FeO3_700_ramp-00068.xye	r_wp	volume	error	ka	error	kc	error	OoccTotal	error	Oocc1	error	crys_gaus	error	strain_gaus	error 
La085Sr015FeO3_700_ramp-00068.xye    10.65623   369.23759     0.01725     5.59483     0.00009    13.62077     0.00044     2.63790     0.02460     0.87930     0.00820    45.06481     0.44997     0.39944     0.00754
La085Sr015FeO3_700_ramp-00069.xye    10.59795   369.29032     0.01710     5.59514     0.00009    13.62122     0.00044     2.63889     0.02446     0.87963     0.00815    45.16928     0.45004     0.39989     0.00748
La085Sr015FeO3_700_He1-00000.xye    10.57474   369.29058     0.01711     5.59510     0.00009    13.62143     0.00044     2.63830     0.02442     0.87943     0.00814    45.16107     0.44865     0.39999     0.00747
La085Sr015FeO3_700_He1-00001.xye    10.56135   369.30256     0.01708     5.59517     0.00009    13.62151     0.00043     2.63819     0.02439     0.87940     0.00813    45.14373     0.44805     0.40000     0.00746
La085Sr015FeO3_700_He1-00002.xye    10.53435   369.36554     0.01711     5.59521     0.00009    13.62363     0.00044     2.63586     0.02431     0.87862     0.00810    45.73408     0.45392     0.40000     0.00732
La085Sr015FeO3_700_red-00000.xye    10.51427   369.40210     0.01705     5.59529     0.00009    13.62458     0.00043     2.63421     0.02425     0.87807     0.00808    45.93258     0.45410     0.39811     0.00726
La085Sr015FeO3_700_red-00001.xye    10.76607   369.90203     0.01714     5.59681     0.00009    13.63562     0.00044     2.60643     0.02492     0.86881     0.00831    46.04537     0.42835     0.35209     0.00750
La085Sr015FeO3_700_red-00002.xye    10.95651   371.10173     0.01841     5.60088     0.00010    13.65999     0.00047     2.54082     0.02558     0.84694     0.00853    46.22254     0.37886     0.28902     0.00796
La085Sr015FeO3_700_red-00003.xye    10.80409   371.70089     0.01862     5.60329     0.00010    13.67028     0.00048     2.50822     0.02531     0.83607     0.00844    46.44436     0.35828     0.26826     0.00800
La085Sr015FeO3_700_red-00004.xye    10.71511   371.96424     0.01870     5.60445     0.00010    13.67429     0.00048     2.49845     0.02514     0.83282     0.00838    46.56103     0.35318     0.26519     0.00794
La085Sr015FeO3_700_red-00005.xye    10.70320   371.97077     0.01857     5.60443     0.00010    13.67463     0.00048     2.49688     0.02512     0.83229     0.00837    46.62539     0.35079     0.26039     0.00797
La085Sr015FeO3_700_red-00006.xye    10.68019   371.98355     0.01847     5.60447     0.00010    13.67489     0.00048     2.49521     0.02507     0.83174     0.00836    46.62617     0.34863     0.25780     0.00798
La085Sr015FeO3_700_red-00007.xye    10.67887   371.98160     0.01843     5.60444     0.00010    13.67497     0.00047     2.49512     0.02505     0.83171     0.00835    46.64739     0.34757     0.25627     0.00798
La085Sr015FeO3_700_red-00008.xye    10.66431   371.97967     0.01843     5.60441     0.00010    13.67502     0.00047     2.49628     0.02502     0.83209     0.00834    46.65515     0.34687     0.25582     0.00797
La085Sr015FeO3_700_red-00009.xye    10.67027   371.97475     0.01840     5.60438     0.00010    13.67500     0.00047     2.49450     0.02503     0.83150     0.00834    46.65444     0.34631     0.25460     0.00799
La085Sr015FeO3_700_red-00010.xye    10.66581   371.95596     0.01836     5.60428     0.00010    13.67482     0.00047     2.49710     0.02501     0.83237     0.00834    46.70517     0.34639     0.25413     0.00798
La085Sr015FeO3_700_red-00011.xye    10.65534   371.96326     0.01832     5.60431     0.00010    13.67491     0.00047     2.49544     0.02498     0.83181     0.00833    46.66233     0.34496     0.25327     0.00799
La085Sr015FeO3_700_red-00012.xye    10.64484   371.94851     0.01833     5.60422     0.00010    13.67481     0.00047     2.49765     0.02495     0.83255     0.00832    46.70289     0.34491     0.25329     0.00797
La085Sr015FeO3_700_red-00013.xye    10.63538   371.96343     0.01828     5.60431     0.00010    13.67495     0.00047     2.49568     0.02495     0.83189     0.00832    46.67820     0.34431     0.25251     0.00798
La085Sr015FeO3_700_red-00014.xye    10.63866   371.95442     0.01831     5.60425     0.00010    13.67492     0.00047     2.49590     0.02495     0.83197     0.00832    46.70488     0.34440     0.25258     0.00797
La085Sr015FeO3_700_red-00015.xye    10.65661   371.94229     0.01832     5.60418     0.00010    13.67481     0.00047     2.49679     0.02498     0.83226     0.00833    46.70449     0.34429     0.25173     0.00799
La085Sr015FeO3_700_red-00016.xye    10.67294   371.96068     0.01830     5.60428     0.00010    13.67498     0.00047     2.49645     0.02502     0.83215     0.00834    46.72383     0.34531     0.25187     0.00800
La085Sr015FeO3_700_red-00017.xye    10.51720   371.94925     0.01821     5.60421     0.00010    13.67491     0.00047     2.49694     0.02485     0.83231     0.00828    46.71276     0.34262     0.25125     0.00797
La085Sr015FeO3_700_red-00018.xye    10.66376   371.95152     0.01831     5.60422     0.00010    13.67496     0.00047     2.49595     0.02500     0.83198     0.00833    46.71866     0.34437     0.25095     0.00801
La085Sr015FeO3_700_red-00019.xye    10.64830   371.94787     0.01826     5.60420     0.00010    13.67490     0.00047     2.49833     0.02495     0.83278     0.00832    46.73009     0.34394     0.25097     0.00799
La085Sr015FeO3_700_red-00020.xye    10.63726   371.95182     0.01828     5.60421     0.00010    13.67499     0.00047     2.49665     0.02494     0.83222     0.00831    46.72435     0.34369     0.25115     0.00799
La085Sr015FeO3_700_red-00021.xye    10.64029   371.97363     0.01820     5.60434     0.00010    13.67517     0.00047     2.49533     0.02494     0.83178     0.00831    46.73149     0.34361     0.25020     0.00799
La085Sr015FeO3_700_red-00022.xye    10.65179   371.94813     0.01827     5.60419     0.00010    13.67497     0.00047     2.49682     0.02495     0.83227     0.00832    46.73504     0.34355     0.25044     0.00799
La085Sr015FeO3_700_red-00023.xye    10.64988   371.94535     0.01829     5.60418     0.00010    13.67493     0.00047     2.49743     0.02497     0.83248     0.00832    46.73205     0.34381     0.25066     0.00800
La085Sr015FeO3_700_red-00024.xye    10.64586   371.96660     0.01821     5.60429     0.00010    13.67514     0.00047     2.49727     0.02495     0.83242     0.00832    46.75005     0.34368     0.24994     0.00799
La085Sr015FeO3_700_red-00025.xye    10.62563   371.97991     0.01820     5.60436     0.00010    13.67530     0.00047     2.49628     0.02492     0.83209     0.00831    46.75997     0.34340     0.25033     0.00798
La085Sr015FeO3_700_red-00026.xye    10.63223   371.96908     0.01823     5.60429     0.00010    13.67522     0.00047     2.49591     0.02492     0.83197     0.00831    46.77644     0.34375     0.25063     0.00797
La085Sr015FeO3_700_red-00027.xye    10.63471   371.97116     0.01822     5.60430     0.00010    13.67526     0.00047     2.49685     0.02492     0.83228     0.00831    46.76199     0.34324     0.25010     0.00798
La085Sr015FeO3_700_red-00028.xye    10.64626   371.96572     0.01823     5.60427     0.00010    13.67521     0.00047     2.49660     0.02493     0.83220     0.00831    46.75972     0.34330     0.24988     0.00799
La085Sr015FeO3_700_red-00029.xye    10.62958   371.95929     0.01824     5.60424     0.00010    13.67513     0.00047     2.49595     0.02492     0.83198     0.00831    46.75099     0.34314     0.25010     0.00798
La085Sr015FeO3_700_red-00030.xye    10.65493   371.96174     0.01826     5.60425     0.00010    13.67515     0.00047     2.49820     0.02497     0.83273     0.00832    46.76660     0.34409     0.25012     0.00800
La085Sr015FeO3_700_red-00031.xye    10.63197   371.96383     0.01825     5.60426     0.00010    13.67520     0.00047     2.49667     0.02494     0.83222     0.00831    46.76092     0.34341     0.25011     0.00799
La085Sr015FeO3_700_red-00032.xye    10.64233   371.96236     0.01824     5.60425     0.00010    13.67518     0.00047     2.49655     0.02494     0.83218     0.00831    46.76785     0.34346     0.24974     0.00799
La085Sr015FeO3_700_red-00033.xye    10.66131   371.96156     0.01824     5.60425     0.00010    13.67515     0.00047     2.49748     0.02498     0.83249     0.00833    46.77109     0.34400     0.24971     0.00800
La085Sr015FeO3_700_red-00034.xye    10.63775   371.97014     0.01822     5.60430     0.00010    13.67525     0.00047     2.49592     0.02494     0.83197     0.00831    46.77609     0.34361     0.24992     0.00798
La085Sr015FeO3_700_red-00035.xye    10.65163   371.96091     0.01825     5.60424     0.00010    13.67516     0.00047     2.49423     0.02496     0.83141     0.00832    46.76627     0.34359     0.24978     0.00799
La085Sr015FeO3_700_red-00036.xye    10.63535   371.94213     0.01823     5.60414     0.00010    13.67496     0.00047     2.49599     0.02492     0.83200     0.00831    46.78976     0.34336     0.25007     0.00797
La085Sr015FeO3_700_red-00037.xye    10.64144   371.94236     0.01823     5.60415     0.00010    13.67496     0.00047     2.49596     0.02492     0.83199     0.00831    46.78004     0.34321     0.25002     0.00798
La085Sr015FeO3_700_red-00038.xye    10.65117   371.96078     0.01823     5.60425     0.00010    13.67512     0.00047     2.49492     0.02496     0.83164     0.00832    46.78228     0.34408     0.24999     0.00799
La085Sr015FeO3_700_red-00039.xye    10.65905   371.96424     0.01826     5.60426     0.00010    13.67523     0.00047     2.49500     0.02497     0.83167     0.00832    46.79411     0.34404     0.25004     0.00798
La085Sr015FeO3_700_red-00040.xye    10.64362   371.95955     0.01828     5.60423     0.00010    13.67518     0.00047     2.49341     0.02494     0.83114     0.00831    46.75339     0.34327     0.25017     0.00799
La085Sr015FeO3_700_red-00041.xye    10.63911   371.95836     0.01826     5.60423     0.00010    13.67514     0.00047     2.49492     0.02494     0.83164     0.00831    46.76806     0.34358     0.25028     0.00798
La085Sr015FeO3_700_red-00042.xye    10.65425   371.95730     0.01829     5.60422     0.00010    13.67513     0.00047     2.49421     0.02497     0.83140     0.00832    46.75886     0.34394     0.25039     0.00799
La085Sr015FeO3_700_red-00043.xye    10.67445   371.95225     0.01836     5.60419     0.00010    13.67509     0.00047     2.49489     0.02502     0.83163     0.00834    46.76917     0.34486     0.25100     0.00800
La085Sr015FeO3_700_red-00044.xye    10.65287   371.94953     0.01832     5.60418     0.00010    13.67504     0.00047     2.49417     0.02497     0.83139     0.00832    46.76447     0.34414     0.25094     0.00798
La085Sr015FeO3_700_red-00045.xye    10.66593   371.95202     0.01835     5.60420     0.00010    13.67505     0.00047     2.49412     0.02502     0.83137     0.00834    46.76146     0.34490     0.25101     0.00800
La085Sr015FeO3_700_red-00046.xye    10.67983   371.95000     0.01839     5.60419     0.00010    13.67504     0.00047     2.49318     0.02505     0.83106     0.00835    46.75308     0.34530     0.25116     0.00801
La085Sr015FeO3_700_red-00047.xye    10.66056   371.95498     0.01836     5.60422     0.00010    13.67508     0.00047     2.49295     0.02500     0.83098     0.00833    46.75298     0.34482     0.25168     0.00799
La085Sr015FeO3_700_red-00048.xye    10.68804   371.94669     0.01842     5.60417     0.00010    13.67500     0.00047     2.49354     0.02505     0.83118     0.00835    46.75725     0.34553     0.25183     0.00800
La085Sr015FeO3_700_red-00049.xye    10.65455   371.95723     0.01834     5.60424     0.00010    13.67507     0.00047     2.49165     0.02499     0.83055     0.00833    46.74754     0.34468     0.25163     0.00799
La085Sr015FeO3_700_red-00050.xye    10.68462   371.93104     0.01843     5.60409     0.00010    13.67480     0.00048     2.49199     0.02504     0.83066     0.00835    46.74521     0.34539     0.25209     0.00800
La085Sr015FeO3_700_red-00051.xye    10.67162   371.96383     0.01835     5.60428     0.00010    13.67508     0.00047     2.49163     0.02502     0.83054     0.00834    46.77072     0.34596     0.25241     0.00798
La085Sr015FeO3_700_red-00052.xye    10.67579   371.95888     0.01839     5.60424     0.00010    13.67510     0.00047     2.49035     0.02504     0.83012     0.00835    46.77237     0.34587     0.25215     0.00799
La085Sr015FeO3_700_red-00053.xye    10.66703   371.96024     0.01840     5.60425     0.00010    13.67509     0.00047     2.49012     0.02504     0.83004     0.00835    46.77662     0.34632     0.25273     0.00799
La085Sr015FeO3_700_red-00054.xye    10.67203   371.96479     0.01840     5.60428     0.00010    13.67514     0.00047     2.48945     0.02504     0.82982     0.00835    46.77573     0.34625     0.25264     0.00799
La085Sr015FeO3_700_red-00055.xye    10.70440   371.94499     0.01845     5.60417     0.00010    13.67492     0.00048     2.48901     0.02510     0.82967     0.00837    46.75446     0.34666     0.25249     0.00801
La085Sr015FeO3_700_red-00056.xye    10.69175   371.96327     0.01836     5.60429     0.00010    13.67503     0.00047     2.48864     0.02509     0.82955     0.00836    46.78862     0.34717     0.25241     0.00800
La085Sr015FeO3_700_red-00057.xye    10.69382   371.96049     0.01843     5.60426     0.00010    13.67506     0.00048     2.48701     0.02510     0.82900     0.00837    46.77360     0.34720     0.25271     0.00801
La085Sr015FeO3_700_red-00058.xye    10.69199   371.96324     0.01841     5.60428     0.00010    13.67506     0.00047     2.48791     0.02510     0.82930     0.00837    46.78260     0.34735     0.25282     0.00800
La085Sr015FeO3_700_red-00059.xye    10.68321   371.97523     0.01838     5.60435     0.00010    13.67516     0.00047     2.48686     0.02509     0.82895     0.00836    46.78916     0.34743     0.25275     0.00800
La085Sr015FeO3_700_red-00060.xye    10.70787   371.97259     0.01842     5.60433     0.00010    13.67515     0.00047     2.48732     0.02513     0.82911     0.00838    46.77848     0.34773     0.25259     0.00802
La085Sr015FeO3_700_red-00061.xye    10.68299   371.96728     0.01837     5.60431     0.00010    13.67506     0.00047     2.48508     0.02509     0.82836     0.00836    46.80769     0.34766     0.25289     0.00799
La085Sr015FeO3_700_red-00062.xye    10.69742   371.97581     0.01836     5.60437     0.00010    13.67512     0.00047     2.48596     0.02512     0.82865     0.00837    46.81633     0.34831     0.25282     0.00800
La085Sr015FeO3_700_red-00063.xye    10.69958   371.97424     0.01843     5.60435     0.00010    13.67515     0.00047     2.48348     0.02513     0.82783     0.00838    46.80281     0.34845     0.25332     0.00800
La085Sr015FeO3_700_red-00064.xye    10.69649   371.96850     0.01838     5.60432     0.00010    13.67506     0.00047     2.48352     0.02512     0.82784     0.00837    46.82482     0.34844     0.25299     0.00800
La085Sr015FeO3_700_red-00065.xye    10.71621   371.97276     0.01840     5.60435     0.00010    13.67508     0.00047     2.48424     0.02517     0.82808     0.00839    46.82651     0.34928     0.25291     0.00801
La085Sr015FeO3_700_red-00066.xye    10.70282   371.97319     0.01839     5.60435     0.00010    13.67511     0.00047     2.48265     0.02515     0.82755     0.00838    46.84551     0.34916     0.25303     0.00800
La085Sr015FeO3_700_red-00067.xye    10.70447   371.97349     0.01840     5.60435     0.00010    13.67510     0.00047     2.48443     0.02515     0.82814     0.00838    46.82584     0.34907     0.25313     0.00801
La085Sr015FeO3_700_red-00068.xye    10.69777   371.97493     0.01839     5.60437     0.00010    13.67509     0.00047     2.48096     0.02516     0.82699     0.00839    46.83317     0.34922     0.25311     0.00801
La085Sr015FeO3_700_red-00069.xye    10.70277   371.96854     0.01839     5.60433     0.00010    13.67503     0.00047     2.48161     0.02515     0.82720     0.00838    46.82491     0.34897     0.25315     0.00800
La085Sr015FeO3_700_red-00070.xye    10.70729   371.96918     0.01839     5.60434     0.00010    13.67501     0.00047     2.48196     0.02516     0.82732     0.00839    46.81593     0.34899     0.25309     0.00801
La085Sr015FeO3_700_red-00071.xye    10.72197   371.97078     0.01844     5.60434     0.00010    13.67504     0.00048     2.48040     0.02521     0.82680     0.00840    46.82305     0.34996     0.25340     0.00802
La085Sr015FeO3_700_red-00072.xye    10.70431   371.97970     0.01839     5.60440     0.00010    13.67508     0.00047     2.47851     0.02517     0.82617     0.00839    46.86540     0.35037     0.25393     0.00799
La085Sr015FeO3_700_red-00073.xye    10.72349   371.98194     0.01843     5.60441     0.00010    13.67511     0.00047     2.48162     0.02522     0.82721     0.00841    46.84288     0.35069     0.25384     0.00801
La085Sr015FeO3_700_red-00074.xye    10.70422   371.98183     0.01843     5.60441     0.00010    13.67512     0.00047     2.47998     0.02519     0.82666     0.00840    46.84033     0.35042     0.25420     0.00800
La085Sr015FeO3_700_red-00075.xye    10.67563   371.97254     0.01846     5.60436     0.00010    13.67503     0.00048     2.48081     0.02513     0.82694     0.00838    46.80353     0.34950     0.25529     0.00798
La085Sr015FeO3_700_red-00076.xye    10.70478   371.97656     0.01849     5.60439     0.00010    13.67502     0.00048     2.48009     0.02519     0.82670     0.00840    46.82175     0.35093     0.25572     0.00799
La085Sr015FeO3_700_red-00077.xye    10.70585   371.95693     0.01855     5.60429     0.00010    13.67482     0.00048     2.47915     0.02520     0.82638     0.00840    46.80802     0.35114     0.25666     0.00799
La085Sr015FeO3_700_red-00078.xye    10.69417   371.97782     0.01851     5.60442     0.00010    13.67493     0.00048     2.47979     0.02518     0.82660     0.00839    46.81536     0.35177     0.25738     0.00797
La085Sr015FeO3_700_red-00079.xye    10.70982   371.97119     0.01861     5.60437     0.00010    13.67493     0.00048     2.48022     0.02521     0.82674     0.00840    46.78482     0.35190     0.25816     0.00798
La085Sr015FeO3_700_red-00080.xye    10.70195   371.96054     0.01865     5.60432     0.00010    13.67480     0.00048     2.47958     0.02520     0.82653     0.00840    46.77594     0.35204     0.25909     0.00797
La085Sr015FeO3_700_red-00081.xye    10.70315   371.97575     0.01864     5.60442     0.00010    13.67487     0.00048     2.47820     0.02522     0.82607     0.00841    46.79210     0.35317     0.26003     0.00796
La085Sr015FeO3_700_red-00082.xye    10.70961   371.95497     0.01878     5.60430     0.00010    13.67467     0.00048     2.47801     0.02523     0.82600     0.00841    46.73668     0.35321     0.26170     0.00796
La085Sr015FeO3_700_red-00083.xye    10.70371   371.97355     0.01875     5.60442     0.00010    13.67477     0.00048     2.47929     0.02524     0.82643     0.00841    46.73085     0.35376     0.26209     0.00796
La085Sr015FeO3_700_red-00084.xye    10.69519   371.97351     0.01877     5.60442     0.00010    13.67476     0.00048     2.47789     0.02521     0.82596     0.00840    46.73406     0.35406     0.26318     0.00795
La085Sr015FeO3_700_red-00085.xye    10.69868   371.97080     0.01893     5.60441     0.00010    13.67470     0.00049     2.47882     0.02526     0.82627     0.00842    46.71587     0.35595     0.26596     0.00795
La085Sr015FeO3_700_red-00086.xye    10.70985   371.96517     0.01898     5.60439     0.00010    13.67462     0.00049     2.47941     0.02528     0.82647     0.00843    46.68938     0.35605     0.26680     0.00794
La085Sr015FeO3_700_red-00087.xye    10.69806   371.96226     0.01907     5.60438     0.00010    13.67456     0.00049     2.47734     0.02528     0.82578     0.00843    46.65868     0.35656     0.26859     0.00794
La085Sr015FeO3_700_red-00088.xye    10.70565   371.96240     0.01909     5.60438     0.00010    13.67455     0.00049     2.47768     0.02528     0.82589     0.00843    46.65756     0.35695     0.26905     0.00794
La085Sr015FeO3_700_red-00089.xye    10.71281   371.96104     0.01915     5.60438     0.00010    13.67450     0.00049     2.47788     0.02529     0.82596     0.00843    46.64137     0.35753     0.27022     0.00794
La085Sr015FeO3_700_red-00090.xye    10.71626   371.96257     0.01924     5.60440     0.00010    13.67448     0.00050     2.47699     0.02534     0.82566     0.00845    46.63040     0.35897     0.27184     0.00794
La085Sr015FeO3_700_red-00091.xye    10.73933   371.95830     0.01939     5.60439     0.00010    13.67435     0.00050     2.47765     0.02539     0.82588     0.00846    46.58271     0.36038     0.27458     0.00794
La085Sr015FeO3_700_red-00092.xye    10.73593   371.93794     0.01958     5.60428     0.00011    13.67414     0.00050     2.47703     0.02540     0.82568     0.00847    46.54905     0.36119     0.27710     0.00793
La085Sr015FeO3_700_red-00093.xye    10.76096   371.95848     0.01959     5.60442     0.00011    13.67422     0.00051     2.47706     0.02547     0.82569     0.00849    46.54111     0.36296     0.27840     0.00794
La085Sr015FeO3_700_red-00094.xye    10.74049   371.96411     0.01968     5.60446     0.00011    13.67425     0.00051     2.47845     0.02545     0.82615     0.00848    46.51536     0.36349     0.28032     0.00793
La085Sr015FeO3_700_red-00095.xye    10.75358   371.96023     0.01985     5.60443     0.00011    13.67424     0.00051     2.47653     0.02549     0.82551     0.00850    46.49088     0.36442     0.28241     0.00793
La085Sr015FeO3_700_red-00096.xye    10.79077   371.95465     0.02002     5.60440     0.00011    13.67415     0.00052     2.47681     0.02558     0.82560     0.00853    46.46940     0.36657     0.28437     0.00795
La085Sr015FeO3_700_red-00097.xye    10.79329   371.94846     0.02011     5.60438     0.00011    13.67404     0.00052     2.47631     0.02560     0.82544     0.00853    46.42679     0.36716     0.28599     0.00796
La085Sr015FeO3_700_red-00098.xye    10.81205   371.93985     0.02021     5.60435     0.00011    13.67389     0.00052     2.47812     0.02565     0.82604     0.00855    46.43971     0.36906     0.28781     0.00796
La085Sr015FeO3_700_red-00099.xye    10.84145   371.93707     0.02030     5.60434     0.00011    13.67384     0.00052     2.47720     0.02570     0.82573     0.00857    46.41741     0.36996     0.28840     0.00798
La085Sr015FeO3_700_red-00100.xye    10.85343   371.92934     0.02049     5.60431     0.00011    13.67370     0.00053     2.47701     0.02577     0.82567     0.00859    46.36174     0.37142     0.29107     0.00799
La085Sr015FeO3_700_red-00101.xye    10.85799   371.94049     0.02053     5.60439     0.00011    13.67371     0.00053     2.47834     0.02580     0.82611     0.00860    46.36299     0.37317     0.29292     0.00799
La085Sr015FeO3_700_red-00102.xye    10.86371   371.94398     0.02065     5.60441     0.00011    13.67374     0.00053     2.47717     0.02584     0.82572     0.00861    46.31951     0.37379     0.29443     0.00800
La085Sr015FeO3_700_red-00103.xye    10.89259   371.94219     0.02078     5.60441     0.00011    13.67367     0.00054     2.47692     0.02593     0.82564     0.00864    46.30633     0.37583     0.29598     0.00802
La085Sr015FeO3_700_red-00104.xye    10.88771   371.93713     0.02088     5.60439     0.00011    13.67357     0.00054     2.47769     0.02594     0.82590     0.00865    46.29024     0.37679     0.29789     0.00802
La085Sr015FeO3_700_red-00105.xye    10.94633   371.92112     0.02111     5.60431     0.00011    13.67338     0.00055     2.47661     0.02606     0.82554     0.00869    46.24325     0.37878     0.29959     0.00806
La085Sr015FeO3_700_red-00106.xye    10.92594   371.93706     0.02104     5.60443     0.00011    13.67336     0.00054     2.47947     0.02605     0.82649     0.00868    46.25135     0.38025     0.30108     0.00804
La085Sr015FeO3_700_red-00107.xye    10.99378   371.95377     0.02119     5.60453     0.00011    13.67349     0.00055     2.47566     0.02621     0.82522     0.00874    46.24226     0.38303     0.30238     0.00808
La085Sr015FeO3_700_red-00108.xye    11.02052   371.94037     0.02145     5.60445     0.00011    13.67341     0.00055     2.47757     0.02628     0.82586     0.00876    46.20493     0.38460     0.30454     0.00811
La085Sr015FeO3_700_red-00109.xye    11.03240   371.93166     0.02152     5.60442     0.00012    13.67325     0.00056     2.47734     0.02632     0.82578     0.00877    46.16145     0.38513     0.30542     0.00812
La085Sr015FeO3_700_red-00110.xye    11.03172   371.93488     0.02155     5.60445     0.00012    13.67320     0.00056     2.47767     0.02635     0.82589     0.00878    46.17138     0.38665     0.30688     0.00812
La085Sr015FeO3_700_red-00111.xye    11.06489   371.92148     0.02174     5.60438     0.00012    13.67305     0.00056     2.47887     0.02643     0.82629     0.00881    46.13454     0.38822     0.30841     0.00815
La085Sr015FeO3_700_red-00112.xye    11.09208   371.93135     0.02177     5.60446     0.00012    13.67301     0.00056     2.47718     0.02651     0.82573     0.00884    46.13868     0.39046     0.30956     0.00816
La085Sr015FeO3_700_red-00113.xye    11.12804   371.94176     0.02189     5.60453     0.00012    13.67308     0.00057     2.47618     0.02661     0.82539     0.00887    46.12642     0.39258     0.31082     0.00819
La085Sr015FeO3_700_red-00114.xye    11.16034   371.93736     0.02207     5.60450     0.00012    13.67306     0.00057     2.47597     0.02669     0.82532     0.00890    46.09366     0.39383     0.31239     0.00821
La085Sr015FeO3_700_red-00115.xye    11.17489   371.93734     0.02216     5.60451     0.00012    13.67298     0.00057     2.47728     0.02676     0.82576     0.00892    46.08573     0.39593     0.31407     0.00822
La085Sr015FeO3_700_red-00116.xye    11.21075   371.92570     0.02241     5.60443     0.00012    13.67298     0.00058     2.47731     0.02684     0.82577     0.00895    46.03440     0.39679     0.31579     0.00825
La085Sr015FeO3_700_red-00117.xye    11.23204   371.92639     0.02252     5.60445     0.00012    13.67288     0.00058     2.47700     0.02692     0.82567     0.00897    46.02369     0.39906     0.31758     0.00827
La085Sr015FeO3_700_red-00118.xye    11.26675   371.91888     0.02266     5.60442     0.00012    13.67275     0.00059     2.47757     0.02702     0.82586     0.00901    45.98123     0.40056     0.31875     0.00830
La085Sr015FeO3_700_red-00119.xye    11.30319   371.90769     0.02280     5.60437     0.00012    13.67261     0.00059     2.47911     0.02710     0.82637     0.00903    45.94917     0.40179     0.31961     0.00833
La085Sr015FeO3_700_red-00120.xye    11.32260   371.92420     0.02280     5.60448     0.00012    13.67267     0.00059     2.47827     0.02715     0.82609     0.00905    45.95081     0.40350     0.32051     0.00834
La085Sr015FeO3_700_red-00121.xye    11.36955   371.88766     0.02302     5.60429     0.00012    13.67223     0.00060     2.47759     0.02727     0.82586     0.00909    45.92014     0.40513     0.32127     0.00839
La085Sr015FeO3_700_red-00122.xye    11.37347   371.91672     0.02293     5.60447     0.00012    13.67242     0.00059     2.47723     0.02731     0.82574     0.00910    45.94091     0.40700     0.32218     0.00839
La085Sr015FeO3_700_red-00123.xye    11.38612   371.91461     0.02319     5.60443     0.00012    13.67255     0.00060     2.47759     0.02736     0.82586     0.00912    45.89107     0.40721     0.32360     0.00841
La085Sr015FeO3_700_red-00124.xye    11.42007   371.91768     0.02332     5.60445     0.00012    13.67255     0.00060     2.47652     0.02744     0.82551     0.00915    45.89160     0.40938     0.32492     0.00843
La085Sr015FeO3_700_red-00125.xye    11.48540   371.91224     0.02350     5.60443     0.00013    13.67247     0.00061     2.47774     0.02759     0.82591     0.00920    45.84702     0.41129     0.32558     0.00848
La085Sr015FeO3_700_red-00126.xye    11.47942   371.91577     0.02353     5.60447     0.00013    13.67242     0.00061     2.47786     0.02762     0.82595     0.00921    45.85641     0.41286     0.32698     0.00848
La085Sr015FeO3_700_red-00127.xye    11.52661   371.90338     0.02362     5.60443     0.00013    13.67215     0.00061     2.47707     0.02772     0.82569     0.00924    45.83028     0.41420     0.32681     0.00853
La085Sr015FeO3_700_red-00128.xye    11.55247   371.90151     0.02371     5.60442     0.00013    13.67211     0.00061     2.47759     0.02780     0.82586     0.00927    45.80868     0.41546     0.32726     0.00856
La085Sr015FeO3_700_red-00129.xye    11.56262   371.89480     0.02375     5.60439     0.00013    13.67204     0.00061     2.47797     0.02783     0.82599     0.00928    45.77519     0.41543     0.32759     0.00857
La085Sr015FeO3_700_red-00130.xye    11.59255   371.90546     0.02393     5.60444     0.00013    13.67219     0.00062     2.47831     0.02791     0.82610     0.00930    45.76613     0.41729     0.32901     0.00859
La085Sr015FeO3_700_red-00131.xye    11.62199   371.90188     0.02405     5.60442     0.00013    13.67214     0.00062     2.47662     0.02800     0.82554     0.00933    45.76331     0.41880     0.32975     0.00861
La085Sr015FeO3_700_red-00132.xye    11.66430   371.89371     0.02420     5.60437     0.00013    13.67206     0.00063     2.47901     0.02809     0.82634     0.00936    45.73536     0.42015     0.33038     0.00865
La085Sr015FeO3_700_red-00133.xye    11.65543   371.89413     0.02420     5.60439     0.00013    13.67201     0.00063     2.47766     0.02810     0.82589     0.00937    45.73139     0.42063     0.33096     0.00865
La085Sr015FeO3_700_red-00134.xye    11.71176   371.89722     0.02435     5.60441     0.00013    13.67203     0.00063     2.47922     0.02823     0.82641     0.00941    45.71591     0.42276     0.33144     0.00869
La085Sr015FeO3_700_red-00135.xye    11.73708   371.89505     0.02446     5.60439     0.00013    13.67203     0.00063     2.47871     0.02830     0.82624     0.00943    45.69282     0.42362     0.33186     0.00872
La085Sr015FeO3_700_red-00136.xye    11.72722   371.89081     0.02446     5.60437     0.00013    13.67195     0.00063     2.47733     0.02830     0.82578     0.00943    45.69596     0.42374     0.33208     0.00872
La085Sr015FeO3_700_red-00137.xye    11.75192   371.89578     0.02447     5.60441     0.00013    13.67197     0.00063     2.47911     0.02835     0.82637     0.00945    45.70944     0.42499     0.33221     0.00873
La085Sr015FeO3_700_red-00138.xye    11.76567   371.89602     0.02448     5.60441     0.00013    13.67197     0.00063     2.47920     0.02836     0.82640     0.00945    45.70944     0.42516     0.33221     0.00873
La085Sr015FeO3_700_red-00139.xye    11.78764   371.86654     0.02467     5.60425     0.00013    13.67166     0.00064     2.48142     0.02845     0.82714     0.00948    45.67821     0.42659     0.33330     0.00876
La085Sr015FeO3_700_red-00140.xye    11.80639   371.89843     0.02457     5.60444     0.00013    13.67191     0.00064     2.48014     0.02850     0.82671     0.00950    45.68434     0.42735     0.33251     0.00878
La085Sr015FeO3_700_red-00141.xye    11.84170   371.89706     0.02472     5.60441     0.00013    13.67199     0.00064     2.47875     0.02857     0.82625     0.00952    45.69340     0.42847     0.33303     0.00880
La085Sr015FeO3_700_red-00142.xye    11.84575   371.89383     0.02474     5.60440     0.00013    13.67194     0.00064     2.48065     0.02861     0.82688     0.00954    45.65755     0.42829     0.33251     0.00882
La085Sr015FeO3_700_red-00143.xye    11.86439   371.89054     0.02482     5.60438     0.00013    13.67191     0.00064     2.48108     0.02865     0.82703     0.00955    45.67098     0.42953     0.33320     0.00883
La085Sr015FeO3_700_red-00144.xye    11.88124   371.89449     0.02482     5.60440     0.00013    13.67194     0.00064     2.48130     0.02870     0.82710     0.00957    45.66503     0.42985     0.33270     0.00885
La085Sr015FeO3_700_red-00145.xye    11.90206   371.89176     0.02489     5.60439     0.00013    13.67191     0.00064     2.48022     0.02875     0.82674     0.00958    45.65856     0.43068     0.33295     0.00886
La085Sr015FeO3_700_red-00146.xye    11.91031   371.89620     0.02488     5.60442     0.00013    13.67192     0.00064     2.48060     0.02877     0.82687     0.00959    45.66614     0.43138     0.33304     0.00887
La085Sr015FeO3_700_red-00147.xye    11.94145   371.89143     0.02496     5.60439     0.00013    13.67191     0.00065     2.48135     0.02884     0.82712     0.00961    45.64961     0.43165     0.33263     0.00889
La085Sr015FeO3_700_red-00148.xye    11.94398   371.89315     0.02494     5.60440     0.00013    13.67190     0.00064     2.48176     0.02887     0.82725     0.00962    45.62655     0.43151     0.33218     0.00891
La085Sr015FeO3_700_red-00149.xye    11.97321   371.88919     0.02499     5.60438     0.00013    13.67185     0.00065     2.48137     0.02893     0.82712     0.00964    45.64586     0.43274     0.33217     0.00892
La085Sr015FeO3_700_red-00150.xye    11.99428   371.88928     0.02509     5.60438     0.00013    13.67189     0.00065     2.48321     0.02898     0.82774     0.00966    45.63557     0.43350     0.33263     0.00894
La085Sr015FeO3_700_red-00151.xye    11.98048   371.88351     0.02503     5.60435     0.00013    13.67181     0.00065     2.48124     0.02896     0.82708     0.00965    45.62926     0.43290     0.33195     0.00894
La085Sr015FeO3_700_red-00152.xye    11.96548   371.89289     0.02498     5.60441     0.00013    13.67187     0.00065     2.48099     0.02895     0.82700     0.00965    45.64823     0.43324     0.33212     0.00893
La085Sr015FeO3_700_red-00153.xye    12.02662   371.87054     0.02506     5.60428     0.00013    13.67166     0.00065     2.48240     0.02905     0.82747     0.00968    45.60205     0.43304     0.33090     0.00898
La085Sr015FeO3_700_red-00154.xye    12.01574   371.89379     0.02500     5.60441     0.00013    13.67190     0.00065     2.48239     0.02905     0.82746     0.00968    45.61344     0.43310     0.33056     0.00897
La085Sr015FeO3_700_red-00155.xye    12.05400   371.89243     0.02513     5.60439     0.00013    13.67193     0.00065     2.48161     0.02913     0.82720     0.00971    45.64666     0.43511     0.33128     0.00899
La085Sr015FeO3_700_red-00156.xye    12.04763   371.89040     0.02507     5.60438     0.00013    13.67192     0.00065     2.48304     0.02912     0.82768     0.00971    45.62296     0.43387     0.33015     0.00900
La085Sr015FeO3_700_red-00157.xye    12.06057   371.88850     0.02507     5.60437     0.00013    13.67190     0.00065     2.48295     0.02914     0.82765     0.00971    45.62164     0.43386     0.32972     0.00900
La085Sr015FeO3_700_red-00158.xye    12.04430   371.89145     0.02510     5.60438     0.00013    13.67197     0.00065     2.48330     0.02913     0.82777     0.00971    45.64917     0.43437     0.33022     0.00899
La085Sr015FeO3_700_red-00159.xye    12.06365   371.89060     0.02509     5.60437     0.00013    13.67198     0.00065     2.48223     0.02916     0.82741     0.00972    45.61567     0.43348     0.32914     0.00901
La085Sr015FeO3_700_red-00160.xye    12.09342   371.89197     0.02513     5.60438     0.00013    13.67196     0.00065     2.48362     0.02924     0.82787     0.00975    45.63034     0.43506     0.32917     0.00903
La085Sr015FeO3_700_red-00161.xye    12.08424   371.87945     0.02516     5.60431     0.00013    13.67186     0.00065     2.48281     0.02921     0.82760     0.00974    45.64017     0.43491     0.32951     0.00902
La085Sr015FeO3_700_red-00162.xye    12.07883   371.87614     0.02508     5.60429     0.00013    13.67181     0.00065     2.48177     0.02919     0.82726     0.00973    45.62477     0.43383     0.32861     0.00903
La085Sr015FeO3_700_red-00163.xye    12.09625   371.89289     0.02507     5.60439     0.00013    13.67196     0.00065     2.48375     0.02925     0.82792     0.00975    45.63363     0.43471     0.32800     0.00905
La085Sr015FeO3_700_red-00164.xye    12.11244   371.89038     0.02515     5.60436     0.00013    13.67199     0.00065     2.48475     0.02929     0.82825     0.00976    45.63658     0.43531     0.32824     0.00905
La085Sr015FeO3_700_red-00165.xye    12.10994   371.89670     0.02510     5.60440     0.00013    13.67204     0.00065     2.48340     0.02930     0.82780     0.00977    45.64829     0.43539     0.32778     0.00906
La085Sr015FeO3_700_red-00166.xye    12.13578   371.89457     0.02515     5.60438     0.00013    13.67204     0.00065     2.48400     0.02934     0.82800     0.00978    45.63803     0.43569     0.32756     0.00907
La085Sr015FeO3_700_red-00167.xye    12.13049   371.89410     0.02513     5.60438     0.00013    13.67205     0.00065     2.48425     0.02934     0.82808     0.00978    45.64765     0.43548     0.32718     0.00907
La085Sr015FeO3_700_red-00168.xye    12.15202   371.88862     0.02512     5.60435     0.00013    13.67200     0.00065     2.48342     0.02937     0.82781     0.00979    45.64757     0.43541     0.32632     0.00909
La085Sr015FeO3_700_red-00169.xye    12.14947   371.89675     0.02505     5.60439     0.00013    13.67210     0.00065     2.48442     0.02936     0.82814     0.00979    45.67581     0.43537     0.32582     0.00908
La085Sr015FeO3_700_red-00170.xye    12.12814   371.87102     0.02502     5.60425     0.00013    13.67183     0.00065     2.48544     0.02932     0.82848     0.00977    45.65698     0.43405     0.32524     0.00907
La085Sr015FeO3_700_red-00171.xye    12.13441   371.88972     0.02496     5.60435     0.00013    13.67201     0.00065     2.48508     0.02934     0.82836     0.00978    45.69296     0.43484     0.32481     0.00907
La085Sr015FeO3_700_red-00172.xye    12.13257   371.89211     0.02494     5.60436     0.00013    13.67207     0.00064     2.48618     0.02933     0.82873     0.00978    45.64547     0.43333     0.32372     0.00909
La085Sr015FeO3_700_red-00173.xye    12.12204   371.88588     0.02476     5.60435     0.00013    13.67188     0.00064     2.48682     0.02931     0.82894     0.00977    45.69706     0.43366     0.32246     0.00908
La085Sr015FeO3_700_red-00174.xye    12.13756   371.88978     0.02481     5.60437     0.00013    13.67195     0.00064     2.48530     0.02935     0.82843     0.00978    45.69617     0.43400     0.32241     0.00909
La085Sr015FeO3_700_red-00175.xye    12.13774   371.87742     0.02488     5.60428     0.00013    13.67190     0.00064     2.48475     0.02935     0.82825     0.00978    45.67224     0.43336     0.32254     0.00909
La085Sr015FeO3_700_red-00176.xye    12.12318   371.87842     0.02476     5.60428     0.00013    13.67195     0.00064     2.48658     0.02930     0.82886     0.00977    45.67479     0.43155     0.32085     0.00908
La085Sr015FeO3_700_red-00177.xye    12.15151   371.88412     0.02477     5.60432     0.00013    13.67196     0.00064     2.48626     0.02936     0.82875     0.00979    45.72089     0.43352     0.32106     0.00909
La085Sr015FeO3_700_red-00178.xye    12.15973   371.88122     0.02479     5.60430     0.00013    13.67196     0.00064     2.48698     0.02937     0.82899     0.00979    45.70155     0.43308     0.32074     0.00910
La085Sr015FeO3_700_red-00179.xye    12.16349   371.88278     0.02476     5.60431     0.00013    13.67196     0.00064     2.48428     0.02939     0.82809     0.00980    45.71472     0.43336     0.32029     0.00911
La085Sr015FeO3_700_He2-00000.xye    12.15630   371.87211     0.02472     5.60424     0.00013    13.67192     0.00064     2.48657     0.02936     0.82886     0.00979    45.71105     0.43197     0.31935     0.00910
La085Sr015FeO3_700_He2-00001.xye    12.15674   371.87703     0.02471     5.60427     0.00013    13.67195     0.00064     2.48578     0.02938     0.82859     0.00979    45.70985     0.43229     0.31926     0.00911
La085Sr015FeO3_700_He2-00002.xye    12.13751   371.85934     0.02469     5.60417     0.00013    13.67180     0.00064     2.48752     0.02933     0.82917     0.00978    45.68627     0.43058     0.31855     0.00910
La085Sr015FeO3_700_ox-00000.xye    12.15215   371.86705     0.02465     5.60420     0.00013    13.67191     0.00064     2.48661     0.02936     0.82887     0.00979    45.73703     0.43146     0.31809     0.00910
La085Sr015FeO3_700_ox-00001.xye    12.16544   371.88309     0.02462     5.60430     0.00013    13.67205     0.00064     2.48736     0.02939     0.82912     0.00980    45.73910     0.43190     0.31752     0.00911
La085Sr015FeO3_700_ox-00002.xye    11.99603   369.37902     0.02135     5.59651     0.00012    13.61782     0.00054     2.60253     0.02859     0.86751     0.00953    40.14699     0.43723     0.39984     0.01014
La085Sr015FeO3_700_ox-00003.xye    11.91548   369.37422     0.02137     5.59650     0.00012    13.61765     0.00054     2.60799     0.02846     0.86933     0.00949    39.80451     0.42591     0.40000     0.01015
La085Sr015FeO3_700_ox-00004.xye    11.87856   369.37464     0.02128     5.59648     0.00012    13.61779     0.00054     2.60995     0.02838     0.86998     0.00946    39.90719     0.42614     0.40000     0.01008
La085Sr015FeO3_700_ox-00005.xye    11.83996   369.37721     0.02109     5.59644     0.00012    13.61807     0.00054     2.61260     0.02821     0.87087     0.00940    40.15569     0.42825     0.40000     0.00995
La085Sr015FeO3_700_ox-00006.xye    11.85451   369.37685     0.02111     5.59642     0.00012    13.61818     0.00054     2.61116     0.02826     0.87039     0.00942    40.24033     0.43042     0.40000     0.00994
La085Sr015FeO3_700_ox-00007.xye    11.82662   369.38822     0.02102     5.59645     0.00012    13.61844     0.00054     2.61252     0.02819     0.87084     0.00940    40.35061     0.43142     0.40000     0.00989
La085Sr015FeO3_700_ox-00008.xye    11.82287   369.37998     0.02102     5.59640     0.00012    13.61836     0.00054     2.61336     0.02817     0.87112     0.00939    40.34196     0.43069     0.40000     0.00988
La085Sr015FeO3_700_ox-00009.xye    11.81323   369.37924     0.02091     5.59636     0.00011    13.61855     0.00053     2.61448     0.02811     0.87149     0.00937    40.57919     0.43455     0.40000     0.00980
La085Sr015FeO3_700_ox-00010.xye    11.80323   369.37280     0.02095     5.59633     0.00011    13.61847     0.00053     2.61245     0.02814     0.87082     0.00938    40.52691     0.43332     0.40000     0.00982
La085Sr015FeO3_700_ox-00011.xye    11.82831   369.37249     0.02092     5.59630     0.00011    13.61857     0.00053     2.61282     0.02815     0.87094     0.00938    40.63350     0.43541     0.40000     0.00979
La085Sr015FeO3_700_ox-00012.xye    11.79473   369.36927     0.02086     5.59627     0.00011    13.61860     0.00053     2.61317     0.02809     0.87106     0.00936    40.70469     0.43591     0.40000     0.00975
La085Sr015FeO3_700_ox-00013.xye    11.78317   369.36966     0.02083     5.59627     0.00011    13.61865     0.00053     2.61353     0.02805     0.87118     0.00935    40.72456     0.43540     0.40000     0.00973
La085Sr015FeO3_700_ox-00014.xye    11.79239   369.36924     0.02086     5.59626     0.00011    13.61864     0.00053     2.61368     0.02809     0.87123     0.00936    40.70171     0.43518     0.40000     0.00974
La085Sr015FeO3_700_ox-00015.xye    11.78202   369.36554     0.02075     5.59623     0.00011    13.61869     0.00053     2.61461     0.02800     0.87154     0.00933    40.83842     0.43660     0.40000     0.00968
La085Sr015FeO3_700_ox-00016.xye    11.76729   369.35969     0.02073     5.59619     0.00011    13.61864     0.00053     2.61508     0.02798     0.87169     0.00933    40.84995     0.43634     0.40000     0.00966
La085Sr015FeO3_700_ox-00017.xye    11.76230   369.35954     0.02071     5.59617     0.00011    13.61875     0.00053     2.61701     0.02796     0.87234     0.00932    40.92190     0.43746     0.40000     0.00964
La085Sr015FeO3_700_ox-00018.xye    11.73604   369.38024     0.02065     5.59628     0.00011    13.61898     0.00053     2.61499     0.02792     0.87166     0.00931    40.98795     0.43834     0.40000     0.00961
La085Sr015FeO3_700_ox-00019.xye    11.76769   369.34843     0.02072     5.59609     0.00011    13.61871     0.00053     2.61431     0.02798     0.87144     0.00933    40.98003     0.43876     0.40000     0.00963
La085Sr015FeO3_700_ox-00020.xye    11.76547   369.35795     0.02072     5.59613     0.00011    13.61887     0.00053     2.61515     0.02798     0.87172     0.00933    40.99104     0.43882     0.40000     0.00963
La085Sr015FeO3_700_ox-00021.xye    11.74646   369.35874     0.02070     5.59614     0.00011    13.61886     0.00053     2.61508     0.02792     0.87169     0.00931    40.93162     0.43645     0.40000     0.00962
La085Sr015FeO3_700_ox-00022.xye    11.73512   369.37389     0.02056     5.59619     0.00011    13.61915     0.00052     2.61558     0.02790     0.87186     0.00930    41.24118     0.44272     0.40000     0.00954
La085Sr015FeO3_700_ox-00023.xye    11.73921   369.37394     0.02060     5.59620     0.00011    13.61912     0.00052     2.61493     0.02789     0.87164     0.00930    41.11894     0.43956     0.40000     0.00956
La085Sr015FeO3_700_ox-00024.xye    11.77836   369.37435     0.02065     5.59620     0.00011    13.61915     0.00053     2.61452     0.02798     0.87151     0.00933    41.17800     0.44228     0.40000     0.00958
La085Sr015FeO3_700_ox-00025.xye    11.76285   369.37275     0.02061     5.59618     0.00011    13.61919     0.00052     2.61463     0.02796     0.87154     0.00932    41.24627     0.44324     0.40000     0.00955
La085Sr015FeO3_700_ox-00026.xye    11.75567   369.36692     0.02060     5.59615     0.00011    13.61913     0.00052     2.61549     0.02794     0.87183     0.00931    41.25262     0.44319     0.40000     0.00954
La085Sr015FeO3_700_ox-00027.xye    11.75875   369.35987     0.02057     5.59610     0.00011    13.61908     0.00052     2.61559     0.02791     0.87186     0.00930    41.28189     0.44330     0.40000     0.00953
La085Sr015FeO3_700_ox-00028.xye    11.73297   369.36474     0.02054     5.59612     0.00011    13.61915     0.00052     2.61698     0.02788     0.87233     0.00929    41.27431     0.44230     0.40000     0.00951
La085Sr015FeO3_700_ox-00029.xye    11.74735   369.36461     0.02054     5.59611     0.00011    13.61922     0.00052     2.61507     0.02788     0.87169     0.00929    41.34263     0.44370     0.40000     0.00950
La085Sr015FeO3_700_ox-00030.xye    11.70658   369.36214     0.02047     5.59609     0.00011    13.61924     0.00052     2.61548     0.02782     0.87183     0.00927    41.39876     0.44385     0.40000     0.00946
La085Sr015FeO3_700_ox-00031.xye    11.73898   369.36077     0.02049     5.59608     0.00011    13.61923     0.00052     2.61721     0.02785     0.87240     0.00928    41.41959     0.44476     0.40000     0.00947
La085Sr015FeO3_700_ox-00032.xye    11.72387   369.35718     0.02046     5.59606     0.00011    13.61920     0.00052     2.61693     0.02782     0.87231     0.00927    41.44305     0.44457     0.40000     0.00945
La085Sr015FeO3_700_ox-00033.xye    11.73678   369.34194     0.02049     5.59596     0.00011    13.61909     0.00052     2.61674     0.02785     0.87225     0.00928    41.43596     0.44479     0.40000     0.00946
La085Sr015FeO3_700_ox-00034.xye    11.71369   369.36579     0.02045     5.59608     0.00011    13.61940     0.00052     2.61595     0.02780     0.87198     0.00927    41.47637     0.44461     0.40000     0.00943
La085Sr015FeO3_700_ox-00035.xye    11.72409   369.36363     0.02048     5.59607     0.00011    13.61939     0.00052     2.61588     0.02782     0.87196     0.00927    41.44144     0.44401     0.40000     0.00944
La085Sr015FeO3_700_ox-00036.xye    11.71582   369.36958     0.02044     5.59609     0.00011    13.61951     0.00052     2.61534     0.02778     0.87178     0.00926    41.49916     0.44466     0.40000     0.00942
La085Sr015FeO3_700_ox-00037.xye    11.71112   369.35801     0.02041     5.59603     0.00011    13.61938     0.00052     2.61593     0.02777     0.87198     0.00926    41.55831     0.44568     0.40000     0.00940
La085Sr015FeO3_700_ox-00038.xye    11.69852   369.36248     0.02041     5.59605     0.00011    13.61945     0.00052     2.61558     0.02774     0.87186     0.00925    41.50359     0.44382     0.40000     0.00940
La085Sr015FeO3_700_ox-00039.xye    11.69754   369.37113     0.02040     5.59608     0.00011    13.61961     0.00052     2.61703     0.02774     0.87234     0.00925    41.57182     0.44538     0.40000     0.00939
La085Sr015FeO3_700_ox-00040.xye    11.70097   369.36327     0.02043     5.59604     0.00011    13.61950     0.00052     2.61424     0.02778     0.87141     0.00926    41.55043     0.44525     0.40000     0.00940
La085Sr015FeO3_700_ox-00041.xye    11.71011   369.35612     0.02042     5.59600     0.00011    13.61945     0.00052     2.61678     0.02777     0.87226     0.00926    41.57264     0.44564     0.40000     0.00940
La085Sr015FeO3_700_ox-00042.xye    11.68359   369.36039     0.02041     5.59602     0.00011    13.61950     0.00052     2.61538     0.02774     0.87179     0.00925    41.54949     0.44458     0.40000     0.00939
La085Sr015FeO3_700_ox-00043.xye    11.70206   369.35275     0.02039     5.59597     0.00011    13.61946     0.00052     2.61701     0.02774     0.87234     0.00925    41.63682     0.44664     0.40000     0.00937
La085Sr015FeO3_700_ox-00044.xye    11.72048   369.35032     0.02041     5.59596     0.00011    13.61944     0.00052     2.61611     0.02778     0.87204     0.00926    41.63788     0.44711     0.40000     0.00939
La085Sr015FeO3_700_ox-00045.xye    11.72231   369.34926     0.02044     5.59595     0.00011    13.61941     0.00052     2.61603     0.02779     0.87201     0.00926    41.59500     0.44612     0.40000     0.00939
La085Sr015FeO3_700_ox-00046.xye    11.73321   369.34559     0.02044     5.59593     0.00011    13.61941     0.00052     2.61618     0.02780     0.87206     0.00927    41.62326     0.44689     0.40000     0.00939
La085Sr015FeO3_700_ox-00047.xye    11.68898   369.34784     0.02038     5.59594     0.00011    13.61945     0.00052     2.61807     0.02770     0.87269     0.00923    41.59241     0.44459     0.40000     0.00936
La085Sr015FeO3_700_ox-00048.xye    11.73531   369.35579     0.02043     5.59596     0.00011    13.61962     0.00052     2.61703     0.02783     0.87234     0.00928    41.72642     0.44944     0.40000     0.00938
La085Sr015FeO3_700_ox-00049.xye    11.72314   369.35354     0.02040     5.59595     0.00011    13.61959     0.00052     2.61714     0.02776     0.87238     0.00925    41.69676     0.44782     0.40000     0.00936
La085Sr015FeO3_700_ox-00050.xye    11.74496   369.34934     0.02043     5.59592     0.00011    13.61958     0.00052     2.61722     0.02781     0.87241     0.00927    41.72702     0.44918     0.40000     0.00937
La085Sr015FeO3_700_ox-00051.xye    11.73200   369.35432     0.02041     5.59594     0.00011    13.61965     0.00052     2.61798     0.02778     0.87266     0.00926    41.71414     0.44823     0.40000     0.00936
La085Sr015FeO3_700_ox-00052.xye    11.71027   369.35483     0.02041     5.59595     0.00011    13.61966     0.00052     2.61679     0.02776     0.87226     0.00925    41.67857     0.44708     0.40000     0.00936
La085Sr015FeO3_700_ox-00053.xye    11.73153   369.34803     0.02041     5.59590     0.00011    13.61962     0.00052     2.61857     0.02779     0.87286     0.00926    41.75518     0.44929     0.40000     0.00936
La085Sr015FeO3_700_ox-00054.xye    11.71499   369.35335     0.02039     5.59593     0.00011    13.61969     0.00052     2.61702     0.02774     0.87234     0.00925    41.71226     0.44745     0.40000     0.00935
La085Sr015FeO3_700_ox-00055.xye    11.71749   369.34835     0.02041     5.59590     0.00011    13.61964     0.00052     2.61774     0.02776     0.87258     0.00925    41.72531     0.44791     0.40000     0.00935
La085Sr015FeO3_700_ox-00056.xye    11.69751   369.37483     0.02035     5.59604     0.00011    13.61996     0.00052     2.61627     0.02772     0.87209     0.00924    41.77669     0.44810     0.40000     0.00932
La085Sr015FeO3_700_ox-00057.xye    11.71671   369.37704     0.02033     5.59601     0.00011    13.62017     0.00052     2.61779     0.02776     0.87260     0.00925    42.00680     0.45406     0.40000     0.00930
La085Sr015FeO3_700_ox-00058.xye    11.70138   369.36975     0.02033     5.59598     0.00011    13.62003     0.00052     2.61735     0.02773     0.87245     0.00924    41.92691     0.45147     0.40000     0.00930
La085Sr015FeO3_700_ox-00059.xye    11.69204   369.36156     0.02034     5.59595     0.00011    13.61989     0.00052     2.61704     0.02770     0.87235     0.00923    41.80432     0.44818     0.40000     0.00931
La085Sr015FeO3_700_ox-00060.xye    11.69327   369.35989     0.02034     5.59594     0.00011    13.61986     0.00052     2.61662     0.02769     0.87221     0.00923    41.78426     0.44774     0.40000     0.00931
La085Sr015FeO3_700_ox-00061.xye    11.69969   369.35926     0.02037     5.59594     0.00011    13.61985     0.00052     2.61695     0.02771     0.87232     0.00924    41.75278     0.44716     0.40000     0.00932
La085Sr015FeO3_700_ox-00062.xye    11.70284   369.35852     0.02039     5.59594     0.00011    13.61983     0.00052     2.61696     0.02773     0.87232     0.00924    41.72420     0.44688     0.40000     0.00933
La085Sr015FeO3_700_ox-00063.xye    11.70445   369.35330     0.02034     5.59590     0.00011    13.61982     0.00052     2.61707     0.02770     0.87236     0.00923    41.81584     0.44827     0.40000     0.00930
La085Sr015FeO3_700_ox-00064.xye    11.71291   369.34830     0.02037     5.59588     0.00011    13.61976     0.00052     2.61691     0.02773     0.87230     0.00924    41.80838     0.44886     0.40000     0.00932
La085Sr015FeO3_700_ox-00065.xye    11.70252   369.34714     0.02036     5.59586     0.00011    13.61978     0.00052     2.61699     0.02773     0.87233     0.00924    41.83711     0.44932     0.40000     0.00931
La085Sr015FeO3_700_ox-00066.xye    11.69054   369.34559     0.02028     5.59585     0.00011    13.61977     0.00052     2.61770     0.02761     0.87257     0.00920    41.82592     0.44698     0.40000     0.00927
La085Sr015FeO3_700_ox-00067.xye    11.69143   369.34577     0.02034     5.59585     0.00011    13.61978     0.00052     2.61750     0.02768     0.87250     0.00923    41.80945     0.44777     0.40000     0.00930
La085Sr015FeO3_700_ox-00068.xye    11.71432   369.34736     0.02034     5.59585     0.00011    13.61983     0.00052     2.61809     0.02768     0.87270     0.00923    41.82419     0.44808     0.40000     0.00929
La085Sr015FeO3_700_ox-00069.xye    11.71193   369.34826     0.02033     5.59586     0.00011    13.61985     0.00052     2.61840     0.02767     0.87280     0.00922    41.82119     0.44778     0.40000     0.00929
La085Sr015FeO3_700_ox-00070.xye    11.70284   369.35118     0.02039     5.59587     0.00011    13.61991     0.00052     2.61584     0.02774     0.87195     0.00925    41.84512     0.44952     0.40000     0.00931
La085Sr015FeO3_700_ox-00071.xye    11.69247   369.35136     0.02031     5.59587     0.00011    13.61990     0.00052     2.61629     0.02765     0.87210     0.00922    41.83349     0.44744     0.40000     0.00928
La085Sr015FeO3_700_ox-00072.xye    11.73915   369.34391     0.02039     5.59581     0.00011    13.61990     0.00052     2.61800     0.02777     0.87267     0.00926    41.92738     0.45161     0.40000     0.00930
La085Sr015FeO3_700_ox-00073.xye    11.70659   369.35621     0.02031     5.59587     0.00011    13.62006     0.00052     2.61697     0.02769     0.87232     0.00923    41.99766     0.45169     0.40000     0.00926
La085Sr015FeO3_700_ox-00074.xye    11.72018   369.35684     0.02030     5.59585     0.00011    13.62020     0.00052     2.62019     0.02774     0.87340     0.00925    42.19364     0.45705     0.40000     0.00924
La085Sr015FeO3_700_ox-00075.xye    11.73070   369.35056     0.02038     5.59584     0.00011    13.62003     0.00052     2.61846     0.02775     0.87282     0.00925    41.94741     0.45169     0.40000     0.00929
La085Sr015FeO3_700_ox-00076.xye    11.71748   369.35904     0.02030     5.59587     0.00011    13.62018     0.00052     2.61892     0.02771     0.87297     0.00924    42.10921     0.45468     0.40000     0.00925
La085Sr015FeO3_700_ox-00077.xye    11.73097   369.35868     0.02036     5.59587     0.00011    13.62018     0.00052     2.61900     0.02779     0.87300     0.00926    42.10982     0.45589     0.40000     0.00927
La085Sr015FeO3_700_ox-00078.xye    11.70396   369.35861     0.02031     5.59587     0.00011    13.62018     0.00052     2.61895     0.02772     0.87298     0.00924    42.10965     0.45477     0.40000     0.00925
La085Sr015FeO3_700_ox-00079.xye    11.70538   369.35940     0.02030     5.59587     0.00011    13.62017     0.00052     2.61742     0.02768     0.87247     0.00923    42.02626     0.45199     0.40000     0.00925
La085Sr015FeO3_700_ox-00080.xye    11.72122   369.35927     0.02035     5.59587     0.00011    13.62017     0.00052     2.61723     0.02773     0.87241     0.00924    41.98825     0.45195     0.40000     0.00927
La085Sr015FeO3_700_ox-00081.xye    11.69802   369.35892     0.02032     5.59587     0.00011    13.62019     0.00052     2.61654     0.02767     0.87218     0.00922    41.96624     0.45054     0.40000     0.00926
La085Sr015FeO3_700_ox-00082.xye    11.73464   369.34996     0.02037     5.59581     0.00011    13.62016     0.00052     2.61818     0.02776     0.87273     0.00925    42.07615     0.45439     0.40000     0.00927
La085Sr015FeO3_700_ox-00083.xye    11.69638   369.35919     0.02028     5.59586     0.00011    13.62022     0.00052     2.61807     0.02766     0.87269     0.00922    42.07434     0.45256     0.40000     0.00923
La085Sr015FeO3_700_ox-00084.xye    11.72677   369.33248     0.02037     5.59572     0.00011    13.61995     0.00052     2.61723     0.02773     0.87241     0.00924    42.01703     0.45239     0.40000     0.00927
La085Sr015FeO3_700_ox-00085.xye    11.70258   369.35441     0.02025     5.59583     0.00011    13.62022     0.00052     2.61990     0.02766     0.87330     0.00922    42.19872     0.45564     0.40000     0.00921
La085Sr015FeO3_700_ox-00086.xye    11.68846   369.35407     0.02027     5.59582     0.00011    13.62023     0.00052     2.61812     0.02766     0.87271     0.00922    42.13175     0.45389     0.40000     0.00922
La085Sr015FeO3_700_ox-00087.xye    11.72227   369.35251     0.02032     5.59581     0.00011    13.62025     0.00052     2.61690     0.02772     0.87230     0.00924    42.15645     0.45527     0.40000     0.00923
La085Sr015FeO3_700_ox-00088.xye    11.71512   369.34945     0.02032     5.59580     0.00011    13.62016     0.00052     2.61845     0.02771     0.87282     0.00924    42.08973     0.45367     0.40000     0.00924
La085Sr015FeO3_700_ox-00089.xye    11.70180   369.35401     0.02030     5.59582     0.00011    13.62024     0.00052     2.61770     0.02769     0.87257     0.00923    42.12447     0.45417     0.40000     0.00923
La085Sr015FeO3_700_ox-00090.xye    11.72055   369.35133     0.02029     5.59579     0.00011    13.62026     0.00052     2.61611     0.02770     0.87204     0.00923    42.19865     0.45589     0.40000     0.00922
